100
6 2 0 2 0 2 0
3 1 0 2 0 0 0
6 2 0 1 1 2 0
4 0 0 2 0 0 2
4 2 0 0 2 0 0
1000 500 0 0 500 0 0
1000 250 0 500 0 250 0
996 250 0 250 248 0 248
1000 333 0 333 0 334 0
998 250 249 0 249 250 0
6 2 0 2 0 1 1
358 26 118 35 24 121 34
72 34 0 3 31 2 2
4 0 1 2 0 0 1
973 212 0 616 0 145 0
226 85 25 4 84 26 2
999 333 0 333 0 333 0
6 3 0 2 0 1 0
1000 499 0 1 0 500 0
999 332 1 332 1 332 1
999 249 0 500 0 250 0
9 3 1 2 0 2 1
184 51 18 24 49 18 24
8 2 1 2 1 1 1
1000 500 0 0 0 500 0
999 250 0 499 0 250 0
419 57 45 107 57 46 107
999 167 166 167 166 167 166
4 0 0 3 0 1 0
8 2 1 2 1 2 0
4 1 0 2 0 1 0
8 2 1 1 1 2 1
999 499 0 1 0 499 0
5 1 0 3 0 1 0
12 3 1 3 1 3 1
691 257 73 18 254 74 15
667 81 185 68 78 187 68
999 0 0 500 0 499 0
833 16 141 260 13 144 259
1000 501 0 0 0 499 0
6 3 0 0 0 3 0
637 0 0 636 0 1 0
5 2 0 0 1 2 0
3 0 0 1 0 0 2
997 3 248 249 0 249 248
767 84 207 92 84 210 90
718 10 15 336 7 16 334
999 499 0 0 500 0 0
536 32 139 98 29 141 97
384 36 106 51 35 107 49
1000 250 0 250 249 2 249
5 0 1 2 0 1 1
7 0 1 2 1 2 1
557 12 224 43 9 227 42
4 1 0 1 0 2 0
140 32 5 35 29 7 32
5 1 0 2 0 1 1
845 200 0 360 0 285 0
3 0 0 3 0 0 0
5 0 0 3 0 0 2
7 2 1 0 1 3 0
510 25 14 216 25 16 214
4 0 0 3 0 0 1
791 69 281 46 67 283 45
7 3 0 2 0 2 0
999 250 249 1 249 250 0
7 2 1 1 1 2 0
13 3 1 3 1 3 2
85 33 7 2 32 10 1
4 2 0 1 0 1 0
456 159 4 65 158 6 64
395 15 155 28 12 157 28
374 33 0 330 0 11 0
15 3 2 3 2 3 2
4 2 0 0 1 1 0
7 1 0 2 0 3 1
7 2 1 0 2 2 0
3 1 0 1 0 1 0
621 10 1 300 8 4 298
3 2 0 0 1 0 0
16 3 3 3 2 3 2
738 270 0 236 0 232 0
6 2 1 0 1 2 0
874 88 189 160 88 190 159
14 3 2 3 1 3 2
5 2 0 3 0 0 0
7 2 1 2 0 2 0
7 2 1 0 1 2 1
7 2 1 2 1 0 1
998 166 166 167 166 167 166
8 1 1 2 1 2 1
606 42 244 18 39 245 18
115 50 0 30 0 35 0
6 2 0 0 1 3 0
5 2 0 0 2 1 0
4 0 0 2 0 2 0
656 17 306 6 14 308 5
980 289 103 100 287 104 97
999 0 0 500 0 0 499
812 57 319 32 54 319 31
