100
4 2
5 2
6 2
1000 1000
1000 1
500000 249998
382625 325960
2 2
711742 543771
500000 229541
4 1
1000000 499998
5 1
1000000 128
500000 2
3 2
575233 521091
558052 449696
999999 499997
954028 880376
1000000 475712
440027 359707
999999 524288
917737 835166
1000000 127
561135 470317
999999 999999
999999 493035
999999 475711
500000 131071
1000000 500000
1000000 436179
500000 127
983617 878191
500000 131072
1000000 524288
931215 912328
999999 999998
999999 128
640828 523366
999999 1
957195 866244
694311 599787
999999 499999
1000000 2
500000 1
766974 581212
694305 623381
999999 262143
657785 649659
526436 404091
1 1
692887 634146
500000 249250
273703 242309
630806 535986
999999 2
500000 128
669720 528102
999999 499998
2 1
1000000 475713
694645 559304
764950 727035
866191 836765
344948 301392
921484 828389
556996 509134
620838 528979
888897 757512
1000000 1000000
500000 262143
999999 287200
3 1
500000 500000
709482 549184
1000000 999999
500000 262144
1000000 499999
500000 499999
999999 475712
500000 249999
1000000 488502
500000 237857
999999 524287
923341 889447
858593 834569
954560 725253
878824 695778
999999 127
838909 746058
500000 237856
999999 262144
809449 807948
500000 250000
1000000 1
979028 940108
1000000 524287
1000000 262144
1000000 262143
